1472
5700
-7091
4550
7132
9419
9432
6388
3246
56
136
945
22
7611
6387
8381
8184
9119
8963
-4015
3936
2346
-8248
-5067
7935
7379
-7668
4309
7254
463
-7647
-207
4915
-5539
2801
4457
3023
9724
1570
-3570
916
6553
2041
1226
7785
9470
235
5954
4969
5827
5615
5070
4341
7226
-6378
5984
310
191
3508
5670
9296
9550
-192
2312
-499
9989
4375
3251
4669
3247
904
-5704
5579
4771
2715
365
8965
8429
8180
8080
2519
715
-9361
2676
8344
3238
9371
5879
7752
-5657
4603
7401
5484
7969
7415
-5004
-200
4689
9296
9073
9742
-295
4807
2979
-3162
4406
8174
-362
9708
5043
1079
7049
2002
5026
-3771
9988
2042
8030
3377
7644
-4659
2169
6686
2662
7919
4086
-132
5451
3256
3705
111
6732
-9156
5023
2276
5469
618
7062
5173
564
9739
3170
7998
2443
3676
1041
-7987
233
732
-9114
2915
7616
373
414
288
7225
2479
2666
8718
3079
-9386
-5371
5023
28
4465
2881
9663
1148
7516
-7555
8540
4402
8405
7854
2571
4052
8012
5470
8242
-6830
6041
969
8955
4814
8492
7462
1249
-1660
5929
8239
7280
2808
239
-6068
-237
7882
4485
5887
6040
2883
1748
-9852
7792
679
7253
6653
2732
7957
2226
5757
7076
6533
8658
-2916
5263
6336
649
6712
1830
1418
273
3496
1912
3812
4359
1279
2648
8184
4549
7371
3732
1598
6755
4060
1657
2527
340
7728
567
8014
7105
4572
6874
4875
4794
1648
9406
9856
7606
389
9111
4457
9000
3941
-7152
-7116
1910
9767
7174
2224
4253
4958
111
-6042
2310
263
8999
6374
2344
4734
-8114
8616
1911
9994
4776
1352
2173
8530
-9100
2488
9788
8169
50
-6162
5510
4587
3129
-6586
9675
-717
628
1019
7848
-3996
6701
3946
-9484
1255
6225
-4429
-325
2010
8338
6612
-9102
1144
1110
7749
-7125
101
6949
9977
2774
5717
9925
3632
6048
3298
6511
1046
3907
4207
4410
9404
-8606
2843
564
4015
3337
5280
434
1067
5039
2574
-5565
-4755
7737
5622
8644
5545
4666
8166
3773
8444
-5735
3974
7683
1262
1936
2989
2749
5053
5232
9703
9277
-8828
-6508
9600
1672
-8712
3689
5623
6462
-6477
-7141
2009
8959
4701
44
4703
6488
1871
6996
7948
7179
2395
-3009
8586
-2422
1707
2205
5019
8060
2430
3128
5292
6427
2359
9553
2743
2349
3778
-9158
-3912
4683
4197
8288
2884
1265
7605
155
6726
633
-4377
1782
-1770
2570
2584
4967
8564
7993
8556
8782
-3387
737
6139
2352
3721
9896
581
6826
3034
1606
2161
-7184
2775
5584
-7096
6153
5416
-7331
8650
5041
113
4109
5686
3222
-29
4578
8144
8400
9473
1840
9820
555
-1486
4162
-1107
5874
8459
1618
6347
1615
4239
719
7963
-8830
1671
8245
5325
6545
4361
3457
1225
9017
-7593
6594
5432
-6582
1819
4438
884
3215
-4091
8837
861
-542
8695
2881
8782
6161
6442
6034
4504
2933
-7819
-3394
-1925
7625
9714
8672
3874
60
8169
4208
8274
8450
8292
7917
-892
5883
2863
8886
7264
171
5482
3701
178
-7651
9736
1082
-1718
-2240
2561
-2579
4267
6541
7186
-2564
3425
-9669
4327
6841
9463
2790
5259
1350
2881
6447
6082
7287
7090
-2243
8905
8526
8168
705
9431
5679
3768
5189
7635
3753
-5188
2869
-4059
-9469
2924
1408
5454
3922
4212
9391
3081
2360
-197
8486
9043
9203
7403
3754
5081
5611
2630
6601
1175
8566
5489
5611
5628
-7399
2389
1111
1824
149
3627
5765
4142
6431
7507
529
5223
9121
3861
1180
1852
6441
4362
-1766
6104
6033
1364
-2973
6743
1727
7245
7009
64
8140
3450
7771
1618
3608
2895
9329
8000
891
5500
-203
2785
944
888
8121
7676
6745
2250
9058
6207
8212
7531
8942
5544
7722
7724
8594
5627
3843
2478
8319
6661
-1264
-2209
-1501
4864
7320
2486
6551
8341
3442
7735
5511
3751
2902
1292
201
8505
9919
2768
5578
6473
8458
6161
6879
7505
7825
5342
8426
4860
6797
7895
1572
8008
169
-3702
5984
7578
6439
6339
8034
501
-688
5066
-2081
3623
2298
1595
-6850
3285
1505
9749
8302
9106
1743
8966
5524
9034
4328
2619
6906
7815
6812
7093
-8353
1845
9592
4492
4082
2594
7094
9135
4132
2532
6666
6420
546
9580
8448
9630
1019
9523
4800
5956
4371
8882
-4403
-8276
7993
2938
3114
3617
409
2728
273
-3322
4427
1555
7666
634
2119
9063
9747
5449
-9637
6382
9739
-9541
5204
4504
2963
5397
3941
5841
8488
-2050
1746
6618
4595
9975
6543
2041
-3733
1664
397
3066
9717
5476
1463
5461
309
-2013
7813
4320
4275
2765
-9824
-6264
-2236
522
5814
4067
6938
4054
9021
4790
8754
3948
212
2595
-2935
9259
1429
8040
1561
5604
4285
6453
6917
2694
8556
-6219
8497
2234
6297
-525
2393
3750
3047
2864
6143
2358
3171
5501
1253
8640
9714
2565
202
8612
9842
3173
-4213
4081
5024
4954
4856
7484
8041
2326
-7476
863
-2065
113
6835
-9189
8345
5018
-1410
69
4234
-4955
991
7635
1481
4493
1434
974
5059
8789
5663
-8049
7872
1614
-2814
2562
1867
5946
7300
9359
397
1944
6721
-7852
3438
5160
2713
1731
2567
-6319
7065
9067
6029
6399
2483
286
3462
5783
8710
7086
7816
7004
2103
3824
3200
4292
352
6320
9164
2214
4523
-7431
7145
5126
8104
4869
4059
7507
188
2113
4131
3302
-9821
8036
9084
8266
-7592
2425
4268
8236
8847
9874
7497
2093
-6529
-3016
5613
-4633
8046
9502
8736
8225
6033
5168
6944
-1097
5448
3207
8546
2619
2038
2896
9562
5369
3686
8419
8176
6594
8288
2866
6363
4037
9856
-31
6951
7556
4695
-975
2804
-5962
8517
2052
-2620
4331
-188
-9328
1536
1925
3016
8273
2754
482
8765
2258
4248
343
8385
5091
4302
2868
6175
8642
7687
2108
9287
8665
1822
492
7252
1855
1885
5977
9717
-5812
3917
1381
4538
2879
7896
8982
2667
7676
6246
6370
9125
1377
1560
3826
3829
7174
7546
-1767
3910
858
4027
4082
6399
5178
9691
9029
4764
2791
